5.722189999999999799e+01
2.347100000000000009e+01
1.366150000000000020e+01
8.595119999999999649e+00
8.273440000000000794e+00
6.571819999999999773e+00
5.849169999999999980e+00
5.544959999999999667e+00
5.135600000000000165e+00
4.971870000000000012e+00
4.682900000000000063e+00
4.478369999999999962e+00
4.202119999999999855e+00
4.068959999999999688e+00
3.976210000000000022e+00
3.698179999999999801e+00
3.554330000000000211e+00
3.449489999999999945e+00
3.358070000000000110e+00
3.317149999999999821e+00
3.140130000000000088e+00
3.083219999999999850e+00
2.998240000000000016e+00
2.969110000000000138e+00
2.906660000000000021e+00
2.779430000000000067e+00
2.697799999999999976e+00
2.625230000000000175e+00
2.565809999999999924e+00
2.493129999999999846e+00
2.459420000000000162e+00
2.361860000000000070e+00
2.330360000000000209e+00
2.280629999999999935e+00
2.185229999999999784e+00
2.147499999999999964e+00
2.062910000000000021e+00
2.036200000000000010e+00
2.007169999999999899e+00
1.965430000000000010e+00
1.932099999999999929e+00
1.913790000000000102e+00
1.829990000000000006e+00
1.790799999999999947e+00
1.770529999999999937e+00
1.732480000000000020e+00
1.713629999999999987e+00
1.679810000000000025e+00
1.665750000000000064e+00
1.633299999999999974e+00
1.576999999999999957e+00
1.549330000000000096e+00
1.518210000000000059e+00
1.506860000000000088e+00
1.492429999999999923e+00
1.460110000000000019e+00
1.427580000000000071e+00
1.404490000000000016e+00
1.377809999999999979e+00
1.373830000000000107e+00
1.341730000000000089e+00
1.305830000000000046e+00
1.289590000000000014e+00
1.246669999999999945e+00
1.244490000000000096e+00
1.234979999999999967e+00
1.184290000000000065e+00
1.163610000000000033e+00
1.149429999999999952e+00
1.127999999999999892e+00
1.118540000000000090e+00
1.105629999999999891e+00
1.102589999999999959e+00
1.076470000000000038e+00
1.048219999999999930e+00
1.029269999999999907e+00
1.013069999999999915e+00
1.001819999999999933e+00
9.760529999999999484e-01
9.683599999999999985e-01
9.435750000000000526e-01
9.352819999999999467e-01
9.197899999999999965e-01
9.074870000000000436e-01
8.865490000000000315e-01
8.793590000000000018e-01
8.709430000000000227e-01
8.666239999999999499e-01
8.425080000000000346e-01
8.318969999999999976e-01
8.143209999999999615e-01
8.095350000000000046e-01
7.963789999999999480e-01
7.808819999999999650e-01
7.701550000000000340e-01
7.561550000000000216e-01
7.427770000000000206e-01
7.240050000000000097e-01
7.192049999999999832e-01
7.153100000000000014e-01
7.125599999999999712e-01
6.879429999999999712e-01
6.745689999999999742e-01
6.716250000000000275e-01
6.624309999999999921e-01
6.504870000000000374e-01
6.445100000000000273e-01
6.356260000000000243e-01
6.139799999999999702e-01
6.065040000000000431e-01
6.012180000000000302e-01
5.858200000000000074e-01
5.809889999999999777e-01
5.733639999999999848e-01
5.685249999999999471e-01
5.611519999999999841e-01
5.488880000000000425e-01
5.464369999999999505e-01
5.273229999999999862e-01
5.237469999999999626e-01
5.168260000000000076e-01
5.068850000000000300e-01
5.003319999999999990e-01
4.899200000000000221e-01
4.791670000000000096e-01
4.734340000000000215e-01
4.669440000000000257e-01
4.593320000000000181e-01
4.513759999999999994e-01
4.373150000000000093e-01
4.324560000000000071e-01
4.232199999999999851e-01
4.159459999999999824e-01
4.133279999999999732e-01
4.126009999999999955e-01
3.986689999999999956e-01
3.939179999999999904e-01
3.777780000000000027e-01
3.735620000000000052e-01
3.688139999999999752e-01
3.638770000000000060e-01
3.511270000000000224e-01
3.494940000000000269e-01
3.425440000000000151e-01
3.388140000000000041e-01
3.328420000000000267e-01
3.284690000000000110e-01
3.230899999999999883e-01
3.176229999999999887e-01
3.116059999999999941e-01
3.064910000000000134e-01
3.017779999999999907e-01
2.972839999999999927e-01
2.932839999999999892e-01
2.868140000000000134e-01
2.776259999999999839e-01
2.746270000000000100e-01
2.711439999999999961e-01
2.633039999999999825e-01
2.601410000000000111e-01
2.524250000000000105e-01
2.504939999999999944e-01
2.451599999999999890e-01
2.388800000000000090e-01
2.387710000000000110e-01
2.282839999999999869e-01
2.255769999999999997e-01
2.202979999999999938e-01
2.195580000000000032e-01
2.188690000000000080e-01
2.177800000000000014e-01
2.089100000000000124e-01
2.063820000000000099e-01
2.031459999999999932e-01
2.003989999999999938e-01
1.962780000000000080e-01
1.924960000000000004e-01
1.900280000000000025e-01
1.874419999999999975e-01
1.833760000000000112e-01
1.789050000000000085e-01
1.766639999999999877e-01
1.746560000000000057e-01
1.734819999999999973e-01
1.687730000000000063e-01
1.671380000000000088e-01
1.612059999999999882e-01
1.584830000000000128e-01
1.566390000000000005e-01
1.529330000000000134e-01
1.508069999999999966e-01
1.490720000000000101e-01
1.481750000000000012e-01
1.466890000000000138e-01
1.441500000000000004e-01
1.420500000000000096e-01
1.380550000000000110e-01
1.346680000000000099e-01
1.311160000000000103e-01
1.296799999999999897e-01
1.286160000000000081e-01
1.266039999999999943e-01
1.248950000000000060e-01
1.228650000000000020e-01
1.219110000000000055e-01
1.190159999999999968e-01
1.173229999999999967e-01
1.133460000000000023e-01
1.122770000000000018e-01
1.105280000000000012e-01
1.088449999999999973e-01
1.073220000000000007e-01
1.064539999999999931e-01
1.041070000000000051e-01
1.023069999999999952e-01
1.011399999999999938e-01
9.766779999999999906e-02
9.608310000000000461e-02
9.295159999999999534e-02
9.180220000000000047e-02
9.070419999999999872e-02
8.959830000000000572e-02
8.859019999999999395e-02
8.732750000000000234e-02
8.529849999999999932e-02
8.290839999999999321e-02
8.188499999999999945e-02
8.163099999999999523e-02
8.013180000000000303e-02
7.967299999999999383e-02
7.843870000000000009e-02
7.777639999999999554e-02
7.653029999999999555e-02
7.305069999999999619e-02
7.214189999999999492e-02
7.004180000000000128e-02
6.831070000000000197e-02
6.749370000000000369e-02
6.624049999999999383e-02
6.552090000000000691e-02
6.503340000000000509e-02
6.165289999999999659e-02
6.091579999999999911e-02
5.977169999999999705e-02
5.971810000000000312e-02
5.883730000000000210e-02
5.671009999999999940e-02
5.602130000000000304e-02
5.406529999999999669e-02
5.310959999999999986e-02
5.219900000000000234e-02
5.156299999999999772e-02
4.874819999999999848e-02
4.827909999999999840e-02
4.657410000000000022e-02
4.633799999999999725e-02
4.439959999999999740e-02
4.416210000000000274e-02
4.338569999999999927e-02
4.240649999999999975e-02
4.164879999999999971e-02
4.065620000000000345e-02
3.980879999999999835e-02
3.869220000000000298e-02
3.741660000000000125e-02
3.680749999999999994e-02
3.604509999999999659e-02
3.477979999999999960e-02
3.415610000000000174e-02
3.401459999999999900e-02
3.335330000000000239e-02
3.284399999999999820e-02
3.224749999999999839e-02
3.062739999999999907e-02
2.940639999999999921e-02
2.870570000000000066e-02
2.850499999999999909e-02
2.748540000000000011e-02
2.686159999999999937e-02
2.652229999999999865e-02
2.578789999999999902e-02
2.497680000000000039e-02
2.486270000000000147e-02
2.331139999999999948e-02
2.306520000000000098e-02
2.267150000000000068e-02
2.198539999999999869e-02
2.125099999999999906e-02
2.047749999999999918e-02
1.988229999999999859e-02
1.921310000000000032e-02
1.837060000000000082e-02
1.778820000000000054e-02
1.758349999999999844e-02
1.719609999999999889e-02
1.638970000000000010e-02
1.596799999999999956e-02
1.554250000000000076e-02
1.466989999999999961e-02
1.345279999999999913e-02
1.323580000000000069e-02
1.226799999999999939e-02
1.200799999999999958e-02
1.171029999999999988e-02
1.102440000000000017e-02
1.065200000000000001e-02
1.025930000000000071e-02
9.802599999999999855e-03
9.356170000000000458e-03
8.537680000000000616e-03
8.290530000000000815e-03
8.125439999999999399e-03
7.727129999999999589e-03
6.962130000000000402e-03
6.494409999999999940e-03
6.383820000000000119e-03
4.708859999999999608e-03
2.955440000000000150e-03
2.411829999999999790e-03
4.070100000000000247e-14
2.884820000000000046e-14
2.492830000000000080e-14
1.372930000000000006e-14
1.097990000000000000e-14
9.904719999999999749e-15
9.170729999999999827e-15
8.246560000000000431e-15
7.841590000000000479e-15
6.895829999999999879e-15
6.552910000000000215e-15
6.179540000000000224e-15
5.951760000000000298e-15
5.581349999999999866e-15
5.541490000000000043e-15
5.265799999999999698e-15
5.112950000000000380e-15
4.672479999999999752e-15
4.606920000000000320e-15
4.287989999999999691e-15
4.208699999999999935e-15
4.124230000000000359e-15
4.008269999999999950e-15
3.889919999999999910e-15
3.737190000000000286e-15
3.649520000000000185e-15
3.517990000000000196e-15
3.485690000000000045e-15
3.163790000000000080e-15
3.147589999999999935e-15
3.060300000000000049e-15
3.037840000000000075e-15
2.968979999999999978e-15
2.926270000000000118e-15
2.902410000000000160e-15
2.891669999999999911e-15
2.779519999999999853e-15
2.734279999999999931e-15
2.649599999999999904e-15
2.630890000000000039e-15
2.570369999999999995e-15
2.549699999999999996e-15
2.467039999999999951e-15
2.432000000000000075e-15
2.365400000000000137e-15
2.333240000000000025e-15
2.290160000000000121e-15
2.280299999999999997e-15
2.244840000000000008e-15
2.201300000000000093e-15
2.193639999999999886e-15
2.140379999999999885e-15
2.127059999999999897e-15
2.084069999999999962e-15
2.059399999999999898e-15
2.044429999999999972e-15
2.004049999999999896e-15
1.994020000000000007e-15
1.952530000000000195e-15
1.910520000000000129e-15
1.887659999999999991e-15
1.857420000000000114e-15
1.826009999999999866e-15
1.795009999999999954e-15
1.791589999999999989e-15
1.765100000000000026e-15
1.747779999999999974e-15
1.716030000000000000e-15
1.695619999999999931e-15
1.671250000000000089e-15
1.666400000000000020e-15
1.640290000000000075e-15
1.616579999999999932e-15
1.590690000000000018e-15
1.582969999999999964e-15
1.542099999999999953e-15
1.530709999999999979e-15
1.529859999999999975e-15
1.511519999999999957e-15
1.502950000000000095e-15
1.502069999999999971e-15
1.486090000000000054e-15
1.464839999999999955e-15
1.442600000000000012e-15
1.434220000000000061e-15
1.407690000000000003e-15
1.400020000000000018e-15
1.388519999999999930e-15
1.369999999999999976e-15
1.368479999999999904e-15
1.349360000000000098e-15
1.346820000000000061e-15
1.334840000000000012e-15
1.317880000000000029e-15
1.310399999999999954e-15
1.300370000000000066e-15
1.268149999999999909e-15
1.247869999999999903e-15
1.244739999999999988e-15
1.231439999999999949e-15
1.231180000000000020e-15
1.203269999999999927e-15
1.192480000000000003e-15
1.186089999999999913e-15
1.149580000000000035e-15
1.141000000000000002e-15
1.134039999999999984e-15
1.133669999999999940e-15
1.126789999999999915e-15
1.111320000000000080e-15
1.098279999999999971e-15
1.073739999999999970e-15
1.060749999999999931e-15
1.041919999999999978e-15
1.034099999999999981e-15
1.029430000000000045e-15
1.024300000000000098e-15
1.006099999999999920e-15
9.971119999999999803e-16
9.888380000000000750e-16
9.793370000000000021e-16
9.779779999999999340e-16
9.562309999999999773e-16
9.492280000000000092e-16
9.367570000000000083e-16
9.279349999999999608e-16
9.160780000000000523e-16
9.098410000000000261e-16
8.931450000000000404e-16
8.876969999999999566e-16
8.815019999999999614e-16
8.727490000000000143e-16
8.625530000000000355e-16
8.509229999999999826e-16
8.380839999999999726e-16
8.228679999999999636e-16
8.228289999999999841e-16
7.980659999999999996e-16
7.945059999999999970e-16
7.926549999999999596e-16
7.785759999999999531e-16
7.783259999999999983e-16
7.669930000000000171e-16
7.616770000000000309e-16
7.541239999999999849e-16
7.481979999999999750e-16
7.435459999999999538e-16
7.298150000000000074e-16
7.293170000000000336e-16
7.242549999999999722e-16
7.173160000000000186e-16
7.124200000000000472e-16
6.956990000000000265e-16
6.859780000000000210e-16
6.837639999999999618e-16
6.770390000000000349e-16
6.748299999999999629e-16
6.664719999999999955e-16
6.624109999999999676e-16
6.533080000000000246e-16
6.480320000000000351e-16
6.433000000000000205e-16
6.355200000000000203e-16
6.327540000000000460e-16
6.230989999999999907e-16
6.203380000000000036e-16
6.202849999999999808e-16
6.159269999999999798e-16
6.128930000000000374e-16
6.079780000000000354e-16
5.951129999999999733e-16
5.935329999999999555e-16
5.873770000000000385e-16
5.773290000000000378e-16
5.705209999999999674e-16
5.660359999999999546e-16
5.589040000000000391e-16
5.585530000000000261e-16
5.428589999999999924e-16
5.410489999999999689e-16
5.389900000000000078e-16
5.287679999999999770e-16
5.234639999999999997e-16
5.216139999999999795e-16
-5.164699999999999890e-16
-5.272330000000000418e-16
-5.294509999999999725e-16
-5.352290000000000045e-16
-5.417310000000000458e-16
-5.463350000000000315e-16
-5.530420000000000437e-16
-5.602410000000000251e-16
-5.646259999999999968e-16
-5.699790000000000268e-16
-5.768019999999999604e-16
-5.883250000000000492e-16
-5.918490000000000252e-16
-5.962230000000000052e-16
-5.995030000000000309e-16
-6.018369999999999816e-16
-6.037100000000000024e-16
-6.102139999999999795e-16
-6.222050000000000199e-16
-6.250099999999999738e-16
-6.307129999999999996e-16
-6.384979999999999871e-16
-6.413279999999999759e-16
-6.501759999999999768e-16
-6.683520000000000379e-16
-6.731369999999999766e-16
-6.790070000000000109e-16
-6.842610000000000170e-16
-6.985779999999999694e-16
-7.027380000000000212e-16
-7.028710000000000373e-16
-7.115280000000000122e-16
-7.160849999999999795e-16
-7.199800000000000162e-16
-7.285290000000000097e-16
-7.453240000000000194e-16
-7.497800000000000271e-16
-7.506499999999999801e-16
-7.524670000000000252e-16
-7.651160000000000262e-16
-7.697270000000000335e-16
-7.741839999999999598e-16
-7.781950000000000165e-16
-7.803699999999999976e-16
-7.882250000000000039e-16
-7.987100000000000156e-16
-8.187030000000000231e-16
-8.210350000000000381e-16
-8.307109999999999611e-16
-8.373379999999999798e-16
-8.505609999999999779e-16
-8.645950000000000005e-16
-8.689469999999999970e-16
-8.774130000000000443e-16
-8.855250000000000270e-16
-8.905669999999999421e-16
-8.950359999999999759e-16
-9.071920000000000890e-16
-9.197850000000000157e-16
-9.252269999999999965e-16
-9.325599999999999127e-16
-9.453419999999999299e-16
-9.498370000000000158e-16
-9.646809999999999469e-16
-9.766990000000000566e-16
-9.816580000000000254e-16
-9.879310000000000782e-16
-1.008039999999999909e-15
-1.017260000000000086e-15
-1.020830000000000063e-15
-1.026619999999999907e-15
-1.028859999999999920e-15
-1.042249999999999926e-15
-1.058380000000000052e-15
-1.061499999999999992e-15
-1.067639999999999930e-15
-1.069089999999999984e-15
-1.087049999999999984e-15
-1.095910000000000092e-15
-1.119760000000000075e-15
-1.138989999999999995e-15
-1.148560000000000070e-15
-1.153660000000000094e-15
-1.156589999999999926e-15
-1.164159999999999968e-15
-1.191460000000000037e-15
-1.205310000000000055e-15
-1.214799999999999939e-15
-1.223750000000000016e-15
-1.227949999999999966e-15
-1.240429999999999924e-15
-1.247890000000000049e-15
-1.248360000000000035e-15
-1.260409999999999905e-15
-1.275639999999999958e-15
-1.279950000000000022e-15
-1.288409999999999966e-15
-1.316100000000000027e-15
-1.340599999999999932e-15
-1.375640000000000005e-15
-1.394549999999999951e-15
-1.400070000000000088e-15
-1.422479999999999993e-15
-1.430810000000000071e-15
-1.455450000000000014e-15
-1.457050000000000079e-15
-1.461359999999999946e-15
-1.463400000000000074e-15
-1.466650000000000078e-15
-1.501909999999999984e-15
-1.524740000000000002e-15
-1.526800000000000079e-15
-1.546230000000000081e-15
-1.559589999999999967e-15
-1.568579999999999941e-15
-1.596470000000000085e-15
-1.619400000000000045e-15
-1.648939999999999930e-15
-1.689690000000000049e-15
-1.692729999999999996e-15
-1.705020000000000044e-15
-1.731330000000000071e-15
-1.757650000000000073e-15
-1.781900000000000023e-15
-1.787399999999999817e-15
-1.823709999999999809e-15
-1.834349999999999919e-15
-1.868150000000000192e-15
-1.895940000000000196e-15
-1.922059999999999918e-15
-1.937670000000000186e-15
-1.954689999999999819e-15
-2.001190000000000082e-15
-2.050690000000000196e-15
-2.055300000000000088e-15
-2.060900000000000021e-15
-2.076820000000000090e-15
-2.117189999999999995e-15
-2.133570000000000076e-15
-2.188269999999999959e-15
-2.213709999999999836e-15
-2.258120000000000098e-15
-2.295799999999999953e-15
-2.315450000000000183e-15
-2.321880000000000171e-15
-2.336699999999999888e-15
-2.372360000000000155e-15
-2.392980000000000084e-15
-2.456719999999999814e-15
-2.542310000000000087e-15
-2.585569999999999926e-15
-2.597110000000000110e-15
-2.624519999999999898e-15
-2.694519999999999853e-15
-2.721890000000000138e-15
-2.805799999999999957e-15
-2.816389999999999997e-15
-2.838600000000000016e-15
-2.900119999999999880e-15
-2.929030000000000186e-15
-3.005519999999999976e-15
-3.056269999999999864e-15
-3.098319999999999827e-15
-3.144380000000000027e-15
-3.272799999999999854e-15
-3.362329999999999950e-15
-3.386480000000000155e-15
-3.404870000000000046e-15
-3.439489999999999807e-15
-3.547060000000000094e-15
-3.630280000000000291e-15
-3.683570000000000019e-15
-3.712610000000000191e-15
-3.762749999999999858e-15
-3.870820000000000054e-15
-3.964639999999999673e-15
-4.054240000000000182e-15
-4.166869999999999806e-15
-4.246530000000000000e-15
-4.431419999999999736e-15
-4.538259999999999713e-15
-4.780360000000000235e-15
-4.938180000000000106e-15
-5.316680000000000241e-15
-5.449759999999999635e-15
-5.504350000000000390e-15
-5.507639999999999700e-15
-5.514140000000000101e-15
-5.517070000000000328e-15
-5.706039999999999926e-15
-5.719899999999999721e-15
-5.725459999999999756e-15
-5.739699999999999767e-15
-5.787309999999999765e-15
-6.011520000000000306e-15
-6.023140000000000286e-15
-6.367140000000000354e-15
-6.587170000000000105e-15
-6.791320000000000080e-15
-6.921659999999999748e-15
-6.946580000000000161e-15
-7.016400000000000179e-15
-7.022130000000000373e-15
-7.068949999999999820e-15
-7.165369999999999916e-15
-7.399780000000000504e-15
-7.534639999999999702e-15
-7.839910000000000026e-15
-7.895220000000000524e-15
-8.009319999999999755e-15
-8.134599999999999298e-15
-8.162929999999999504e-15
-8.236780000000000497e-15
-8.805700000000000283e-15
-8.912890000000000355e-15
-9.259229999999999589e-15
-9.320639999999999930e-15
-9.613329999999999564e-15
-9.948980000000000197e-15
-1.000689999999999937e-14
-1.040159999999999926e-14
-1.066540000000000011e-14
-1.131029999999999921e-14
-1.214440000000000068e-14
-1.275320000000000063e-14
-1.290460000000000068e-14
-1.301550000000000018e-14
-1.328740000000000051e-14
-1.337150000000000044e-14
-1.402419999999999939e-14
-1.442690000000000098e-14
-1.444560000000000107e-14
-1.469679999999999853e-14
-1.510879999999999970e-14
-1.578429999999999894e-14
-1.590019999999999911e-14
-1.673309999999999890e-14
-1.688140000000000014e-14
-1.688480000000000016e-14
-1.722379999999999877e-14
-1.728050000000000144e-14
-1.799000000000000084e-14
-1.908350000000000017e-14
-1.991659999999999866e-14
-2.018930000000000011e-14
-2.118529999999999973e-14
-2.159339999999999940e-14
-2.166569999999999862e-14
-2.202960000000000124e-14
-2.235259999999999959e-14
-2.308810000000000060e-14
-2.324720000000000115e-14
-2.331920000000000074e-14
-2.545249999999999934e-14
-2.631410000000000056e-14
-2.698230000000000144e-14
-2.820910000000000157e-14
-2.929020000000000251e-14
-2.963870000000000098e-14
-3.038990000000000261e-14
-3.099309999999999948e-14
-3.241320000000000218e-14
-3.280089999999999860e-14
-3.366370000000000150e-14
-3.424299999999999732e-14
-3.551949999999999824e-14
-3.619400000000000082e-14
-3.625079999999999812e-14
-3.756719999999999718e-14
-3.834209999999999800e-14
-3.898649999999999877e-14
-3.941760000000000059e-14
-4.075699999999999865e-14
-4.080630000000000203e-14
-4.131889999999999699e-14
-4.229730000000000042e-14
-4.254070000000000118e-14
-4.348369999999999777e-14
-4.453890000000000119e-14
-4.510739999999999771e-14
-4.549030000000000005e-14
-4.761959999999999936e-14
-4.762229999999999919e-14
-4.770799999999999977e-14
-4.825330000000000175e-14
-4.866559999999999940e-14
-4.903179999999999813e-14
-5.063550000000000169e-14
-5.150140000000000182e-14
-5.171420000000000243e-14
-5.262109999999999830e-14
-5.423700000000000154e-14
-5.494009999999999831e-14
-5.581609999999999756e-14
-5.658180000000000130e-14
-5.792889999999999513e-14
-6.096060000000000532e-14
-6.156540000000000442e-14
-6.200259999999999977e-14
-6.296439999999999422e-14
-6.330809999999999860e-14
-6.349009999999999722e-14
-6.398250000000000025e-14
-6.428269999999999831e-14
-6.429930000000000098e-14
-6.442549999999999897e-14
-6.464669999999999554e-14
-6.611189999999999419e-14
-6.649859999999999394e-14
-6.695329999999999401e-14
-6.725809999999999692e-14
-6.890899999999999698e-14
-6.954799999999999809e-14
-7.124749999999999504e-14
-7.346119999999999550e-14
-7.420940000000000083e-14
-7.540189999999999802e-14
-7.554659999999999739e-14
-7.657729999999999420e-14
-7.782210000000000370e-14
-7.804530000000000623e-14
-8.084099999999999602e-14
-8.225459999999999517e-14
-8.308480000000000459e-14
-8.406320000000000172e-14
-8.585939999999999410e-14
-8.768469999999999795e-14
-8.835650000000000070e-14
-8.940050000000000110e-14
-8.975100000000000551e-14
-9.025520000000000451e-14
-9.051659999999999571e-14
-9.257079999999999820e-14
-9.630929999999999535e-14
-9.691879999999999391e-14
-9.827330000000000596e-14
-9.851639999999999763e-14
-1.015050000000000052e-13
-1.020740000000000001e-13
-1.052880000000000053e-13
-1.058349999999999979e-13
-1.063809999999999937e-13
-1.067839999999999997e-13
-1.081140000000000051e-13
-1.089529999999999953e-13
-1.099179999999999942e-13
-1.106980000000000045e-13
-1.111769999999999967e-13
-1.114290000000000016e-13
-1.156929999999999999e-13
-1.158829999999999971e-13
-1.163079999999999927e-13
-1.164219999999999910e-13
-1.171109999999999894e-13
-1.197480000000000013e-13
-1.239380000000000067e-13
-1.247279999999999962e-13
-1.250050000000000060e-13
-1.256579999999999983e-13
-1.281199999999999882e-13
-1.312100000000000033e-13
-1.313049999999999893e-13
-1.327849999999999991e-13
-1.339650000000000002e-13
-1.345259999999999965e-13
-1.365740000000000045e-13
-1.411409999999999890e-13
-1.413020000000000072e-13
-1.417650000000000023e-13
-1.437400000000000014e-13
-1.443489999999999891e-13
-1.446550000000000031e-13
-1.468170000000000094e-13
-1.473870000000000009e-13
-1.486079999999999914e-13
-1.503060000000000060e-13
-1.511419999999999935e-13
-1.522440000000000024e-13
-1.558050000000000111e-13
-1.577919999999999955e-13
-1.605130000000000048e-13
-1.608489999999999945e-13
-1.611020000000000086e-13
-1.629989999999999904e-13
-1.633280000000000034e-13
-1.635659999999999919e-13
-1.641559999999999924e-13
-1.641939999999999918e-13
-1.650169999999999975e-13
-1.675860000000000091e-13
-1.682620000000000004e-13
-1.698509999999999999e-13
-1.701890000000000082e-13
-1.760559999999999972e-13
-1.762679999999999967e-13
-1.766340000000000125e-13
-1.781769999999999889e-13
-1.784140000000000060e-13
-1.809020000000000101e-13
-1.816479999999999950e-13
-1.826629999999999912e-13
-1.831440000000000020e-13
-1.848690000000000022e-13
-1.852540000000000051e-13
-1.869770000000000120e-13
-1.882360000000000019e-13
-1.883010000000000122e-13
-1.912649999999999933e-13
-1.941839999999999983e-13
-2.034190000000000090e-13
-2.056649999999999875e-13
-2.116109999999999906e-13
-2.127720000000000046e-13
-2.167159999999999977e-13
-2.170969999999999887e-13
-2.216369999999999875e-13
-2.247270000000000026e-13
-2.247519999999999949e-13
-2.253250000000000017e-13
-2.270260000000000062e-13
-2.273399999999999936e-13
-2.295290000000000108e-13
-2.303010000000000099e-13
-2.310809999999999824e-13
-2.334919999999999910e-13
-2.342429999999999845e-13
-2.362810000000000006e-13
-2.409099999999999802e-13
-2.424379999999999814e-13
-2.445379999999999926e-13
-2.491900000000000216e-13
-2.524189999999999769e-13
-2.559300000000000010e-13
-2.566719999999999993e-13
-2.567609999999999800e-13
-2.619599999999999763e-13
-2.642009999999999968e-13
-2.649679999999999873e-13
-2.657570000000000055e-13
-2.734419999999999874e-13
-2.754189999999999799e-13
-2.835679999999999788e-13
-2.856710000000000052e-13
-2.919450000000000248e-13
-2.930429999999999964e-13
-2.954049999999999918e-13
-2.967279999999999954e-13
-2.984309999999999933e-13
-2.996499999999999904e-13
-3.019679999999999811e-13
-3.114810000000000235e-13
-3.180920000000000041e-13
-3.186520000000000038e-13
-3.193830000000000135e-13
-3.224289999999999987e-13
-3.227820000000000074e-13
-3.253470000000000070e-13
-3.288760000000000216e-13
-3.348140000000000009e-13
-3.413730000000000036e-13
-3.416840000000000009e-13
-3.443749999999999841e-13
-3.466550000000000007e-13
-3.490690000000000245e-13
-3.504050000000000099e-13
-3.508980000000000059e-13
-3.532659999999999813e-13
-3.664150000000000093e-13
-3.673889999999999909e-13
-3.744790000000000142e-13
-3.843739999999999937e-13
-3.909610000000000039e-13
-3.944920000000000118e-13
-3.961190000000000108e-13
-3.994080000000000183e-13
-4.109120000000000064e-13
-4.316260000000000129e-13
-4.377229999999999919e-13
-4.386879999999999782e-13
-4.445169999999999930e-13
-4.475029999999999764e-13
-4.482600000000000004e-13
-4.525569999999999769e-13
-4.570959999999999538e-13
-4.629949999999999876e-13
-4.690420000000000324e-13
-5.019969999999999662e-13
-5.104199999999999597e-13
-5.215269999999999850e-13
-5.308609999999999934e-13
-5.352989999999999792e-13
-5.510440000000000297e-13
-6.086939999999999911e-13
-6.310339999999999746e-13
-7.052290000000000437e-13
-8.243950000000000430e-13
-2.145519999999999929e-12
