1.000000000000000048e-04
1.623776739188721036e-04
2.636650898730358294e-04
4.281332398719395606e-04
6.951927961775604793e-04
1.128837891684688266e-03
1.832980710832435561e-03
2.976351441631319098e-03
4.832930238571751802e-03
7.847599703514606187e-03
1.274274985703133418e-02
2.069138081114790112e-02
3.359818286283781236e-02
5.455594781168514318e-02
8.858667904100822610e-02
1.438449888287662848e-01
2.335721469090121238e-01
3.792690190732245781e-01
6.158482110660260522e-01
1.000000000000000000e+00
